16
0 33 39 34 26 48 52 21 16 27 35 46 13 54 39 25 
33 0 42 17 48 57 39 15 22 50 12 43 45 48 29 40 
39 42 0 17 16 13 29 56 37 42 33 31 29 56 19 32 
34 17 17 0 40 55 10 24 38 24 15 30 36 28 58 23 
26 48 16 40 0 35 20 13 23 15 42 57 50 20 57 58 
48 57 13 55 35 0 46 32 49 47 46 38 11 55 11 42 
52 39 29 10 20 46 0 22 26 48 54 17 25 56 11 20 
21 15 56 24 13 32 22 0 12 27 59 47 46 29 24 56 
16 22 37 38 23 49 26 12 0 52 50 57 12 43 48 11 
27 50 42 24 15 47 48 27 52 0 14 11 17 56 14 55 
35 12 33 15 42 46 54 59 50 14 0 40 50 30 32 52 
46 43 31 30 57 38 17 47 57 11 40 0 56 25 38 33 
13 45 29 36 50 11 25 46 12 17 50 56 0 24 12 20 
54 48 56 28 20 55 56 29 43 56 30 25 24 0 45 17 
39 29 19 58 57 11 11 24 48 14 32 38 12 45 0 49 
25 40 32 23 58 42 20 56 11 55 52 33 20 17 49 0 
