17
0 33 14 13 52 28 56 46 30 48 25 45 37 17 43 41 36 
33 0 31 46 57 20 11 54 38 20 25 56 36 12 51 40 19 
14 31 0 57 50 55 20 37 20 26 17 18 22 32 53 34 13 
13 46 57 0 36 35 20 36 25 59 48 30 50 14 38 47 20 
52 57 50 36 0 50 55 21 30 45 21 55 55 14 42 16 14 
28 20 55 35 50 0 50 34 55 57 27 12 50 35 55 39 32 
56 11 20 20 55 50 0 41 20 52 38 11 11 13 27 56 20 
46 54 37 36 21 34 41 0 48 41 19 58 48 19 10 13 52 
30 38 20 25 30 55 20 48 0 13 51 14 26 55 48 49 30 
48 20 26 59 45 57 52 41 13 0 33 30 53 19 58 45 56 
25 25 17 48 21 27 38 19 51 33 0 14 41 47 44 18 57 
45 56 18 30 55 12 11 58 14 30 14 0 44 12 15 22 43 
37 36 22 50 55 50 11 48 26 53 41 44 0 31 21 50 37 
17 12 32 14 14 35 13 19 55 19 47 12 31 0 38 45 15 
43 51 53 38 42 55 27 10 48 58 44 15 21 38 0 25 13 
41 40 34 47 16 39 56 13 49 45 18 22 50 45 25 0 18 
36 19 13 20 14 32 20 52 30 56 57 43 37 15 13 18 0 
