18
0 31 18 56 22 29 28 45 42 17 30 22 10 18 35 29 22 33 
31 0 29 23 24 43 16 57 26 20 25 57 43 38 10 46 17 48 
18 29 0 49 40 27 35 46 22 16 26 14 28 44 11 29 14 17 
56 23 49 0 51 47 38 49 48 59 53 37 56 13 47 59 52 32 
22 24 40 51 0 44 15 55 28 16 58 12 39 32 10 59 56 12 
29 43 27 47 44 0 14 50 14 22 11 10 11 46 16 52 40 37 
28 16 35 38 15 14 0 50 33 25 56 54 20 38 37 59 59 19 
45 57 46 49 55 50 50 0 40 15 53 52 10 22 47 22 22 56 
42 26 22 48 28 14 33 40 0 56 43 10 15 31 36 30 47 36 
17 20 16 59 16 22 25 15 56 0 21 33 48 58 17 44 44 24 
30 25 26 53 58 11 56 53 43 21 0 50 45 23 25 54 20 52 
22 57 14 37 12 10 54 52 10 33 50 0 27 36 15 58 13 11 
10 43 28 56 39 11 20 10 15 48 45 27 0 45 43 15 58 34 
18 38 44 13 32 46 38 22 31 58 23 36 45 0 58 54 54 47 
35 10 11 47 10 16 37 47 36 17 25 15 43 58 0 35 34 26 
29 46 29 59 59 52 59 22 30 44 54 58 15 54 35 0 47 43 
22 17 14 52 56 40 59 22 47 44 20 13 58 54 34 47 0 53 
33 48 17 32 12 37 19 56 36 24 52 11 34 47 26 43 53 0 
