19
0 12 22 55 41 59 41 20 20 33 35 32 49 29 48 54 25 59 23 
12 0 21 51 13 46 43 14 50 20 13 20 49 49 46 53 41 24 58 
22 21 0 50 58 33 57 12 56 13 32 33 25 28 16 20 56 49 18 
55 51 50 0 57 22 50 44 54 25 58 13 23 41 51 31 17 21 52 
41 13 58 57 0 58 20 19 40 37 29 17 51 46 50 50 39 22 53 
59 46 33 22 58 0 27 40 45 36 27 47 30 19 46 26 37 10 51 
41 43 57 50 20 27 0 31 45 24 33 40 36 20 48 24 16 41 12 
20 14 12 44 19 40 31 0 35 31 20 11 41 44 56 53 56 45 25 
20 50 56 54 40 45 45 35 0 40 32 21 11 37 50 20 37 13 27 
33 20 13 25 37 36 24 31 40 0 12 57 14 57 58 58 54 49 15 
35 13 32 58 29 27 33 20 32 12 0 51 39 14 38 21 41 25 58 
32 20 33 13 17 47 40 11 21 57 51 0 57 53 57 30 20 56 27 
49 49 25 23 51 30 36 41 11 14 39 57 0 10 25 31 30 49 11 
29 49 28 41 46 19 20 44 37 57 14 53 10 0 10 11 35 42 57 
48 46 16 51 50 46 48 56 50 58 38 57 25 10 0 18 13 40 44 
54 53 20 31 50 26 24 53 20 58 21 30 31 11 18 0 40 46 50 
25 41 56 17 39 37 16 56 37 54 41 20 30 35 13 40 0 52 18 
59 24 49 21 22 10 41 45 13 49 25 56 49 42 40 46 52 0 56 
23 58 18 52 53 51 12 25 27 15 58 27 11 57 44 50 18 56 0 
