20
0 48 36 22 57 38 31 31 13 43 17 28 33 27 11 58 46 39 36 25 
48 0 37 28 20 20 24 46 56 20 12 37 50 23 19 45 51 11 33 46 
36 37 0 59 17 10 24 32 43 47 21 55 53 28 41 44 13 39 33 40 
22 28 59 0 34 37 33 13 45 17 42 51 52 40 52 38 42 37 42 34 
57 20 17 34 0 50 52 25 55 20 21 39 21 23 56 36 41 53 42 31 
38 20 10 37 50 0 39 51 17 20 55 39 13 13 28 42 45 26 53 18 
31 24 24 33 52 39 0 56 37 56 55 22 33 56 22 59 54 45 34 34 
31 46 32 13 25 51 56 0 53 37 54 27 29 32 41 20 51 26 35 22 
13 56 43 45 55 17 37 53 0 17 44 10 31 31 58 33 57 54 54 29 
43 20 47 17 20 20 56 37 17 0 35 36 26 34 22 41 30 50 53 19 
17 12 21 42 21 55 55 54 44 35 0 21 49 38 54 57 14 17 13 48 
28 37 55 51 39 39 22 27 10 36 21 0 47 49 50 50 17 45 54 33 
33 50 53 52 21 13 33 29 31 26 49 47 0 57 39 44 30 36 35 45 
27 23 28 40 23 13 56 32 31 34 38 49 57 0 20 16 51 10 16 23 
11 19 41 52 56 28 22 41 58 22 54 50 39 20 0 33 53 49 35 58 
58 45 44 38 36 42 59 20 33 41 57 50 44 16 33 0 58 19 14 27 
46 51 13 42 41 45 54 51 57 30 14 17 30 51 53 58 0 43 59 55 
39 11 39 37 53 26 45 26 54 50 17 45 36 10 49 19 43 0 51 54 
36 33 33 42 42 53 34 35 54 53 13 54 35 16 35 14 59 51 0 53 
25 46 40 34 31 18 34 22 29 19 48 33 45 23 58 27 55 54 53 0 
