21
0 33 26 53 25 36 25 31 34 14 30 58 41 38 41 33 24 14 38 56 57 
33 0 44 13 31 55 30 15 47 32 48 26 58 31 29 21 25 59 11 53 56 
26 44 0 54 27 36 47 10 56 54 27 25 33 46 54 20 19 22 33 43 50 
53 13 54 0 47 39 15 28 17 30 53 51 27 20 37 10 53 20 10 50 37 
25 31 27 47 0 16 48 19 38 11 12 17 20 46 22 10 29 50 57 35 45 
36 55 36 39 16 0 19 44 29 44 38 31 49 36 29 19 18 46 12 50 41 
25 30 47 15 48 19 0 58 57 38 38 22 13 52 42 48 20 39 35 13 59 
31 15 10 28 19 44 58 0 14 47 59 28 16 41 37 39 11 11 12 26 20 
34 47 56 17 38 29 57 14 0 32 45 34 42 56 18 21 13 55 33 20 10 
14 32 54 30 11 44 38 47 32 0 20 51 37 38 16 43 19 36 41 30 33 
30 48 27 53 12 38 38 59 45 20 0 55 34 24 28 53 44 29 32 22 40 
58 26 25 51 17 31 22 28 34 51 55 0 41 39 48 54 37 21 38 48 56 
41 58 33 27 20 49 13 16 42 37 34 41 0 36 37 14 32 52 40 33 28 
38 31 46 20 46 36 52 41 56 38 24 39 36 0 14 49 56 40 46 45 25 
41 29 54 37 22 29 42 37 18 16 28 48 37 14 0 34 39 17 48 49 46 
33 21 20 10 10 19 48 39 21 43 53 54 14 49 34 0 34 23 30 30 53 
24 25 19 53 29 18 20 11 13 19 44 37 32 56 39 34 0 50 33 49 16 
14 59 22 20 50 46 39 11 55 36 29 21 52 40 17 23 50 0 27 26 52 
38 11 33 10 57 12 35 12 33 41 32 38 40 46 48 30 33 27 0 34 21 
56 53 43 50 35 50 13 26 20 30 22 48 33 45 49 30 49 26 34 0 28 
57 56 50 37 45 41 59 20 10 33 40 56 28 25 46 53 16 52 21 28 0 
