22
0 22 51 59 49 18 37 26 15 11 50 54 56 49 28 43 41 25 27 43 45 34 
22 0 51 15 10 20 12 31 40 43 28 23 43 54 16 42 53 55 24 17 38 12 
51 51 0 28 49 49 35 38 51 25 22 41 43 44 35 28 27 37 45 31 53 56 
59 15 28 0 59 39 46 15 36 43 56 15 32 58 41 25 57 32 40 23 38 13 
49 10 49 59 0 24 29 24 56 48 53 55 44 11 44 39 28 49 52 52 41 39 
18 20 49 39 24 0 46 15 25 39 46 53 17 56 55 51 15 12 19 47 21 10 
37 12 35 46 29 46 0 21 49 16 35 13 48 45 51 23 36 49 35 11 36 26 
26 31 38 15 24 15 21 0 47 49 39 56 25 20 20 41 15 15 47 39 14 23 
15 40 51 36 56 25 49 47 0 42 13 55 13 21 29 24 57 27 14 27 49 39 
11 43 25 43 48 39 16 49 42 0 13 14 10 15 50 32 24 19 32 40 22 46 
50 28 22 56 53 46 35 39 13 13 0 49 19 18 10 59 51 46 12 56 47 58 
54 23 41 15 55 53 13 56 55 14 49 0 26 56 25 30 42 20 11 42 56 17 
56 43 43 32 44 17 48 25 13 10 19 26 0 50 36 59 44 38 59 26 45 39 
49 54 44 58 11 56 45 20 21 15 18 56 50 0 10 41 16 45 36 37 12 36 
28 16 35 41 44 55 51 20 29 50 10 25 36 10 0 17 21 40 51 36 51 48 
43 42 28 25 39 51 23 41 24 32 59 30 59 41 17 0 38 45 11 37 35 50 
41 53 27 57 28 15 36 15 57 24 51 42 44 16 21 38 0 24 27 14 14 14 
25 55 37 32 49 12 49 15 27 19 46 20 38 45 40 45 24 0 58 23 30 52 
27 24 45 40 52 19 35 47 14 32 12 11 59 36 51 11 27 58 0 41 52 40 
43 17 31 23 52 47 11 39 27 40 56 42 26 37 36 37 14 23 41 0 44 28 
45 38 53 38 41 21 36 14 49 22 47 56 45 12 51 35 14 30 52 44 0 41 
34 12 56 13 39 10 26 23 39 46 58 17 39 36 48 50 14 52 40 28 41 0 
