6
0 26 16 11 26 16 
26 0 13 57 26 51 
16 13 0 19 16 57 
11 57 19 0 49 39 
26 26 16 49 0 42 
16 51 57 39 42 0 
