7
0 37 43 36 35 59 58 
37 0 27 55 51 17 10 
43 27 0 33 56 37 25 
36 55 33 0 26 17 31 
35 51 56 26 0 33 49 
59 17 37 17 33 0 16 
58 10 25 31 49 16 0 
