8
0 54 28 28 31 44 23 31 
54 0 59 30 52 41 34 59 
28 59 0 38 40 54 13 20 
28 30 38 0 21 38 44 51 
31 52 40 21 0 27 36 32 
44 41 54 38 27 0 52 48 
23 34 13 44 36 52 0 43 
31 59 20 51 32 48 43 0 
